363564
388146
419977
458490
391293
404607
370635
205317
235213
33017
33972
330468
32382
27431
38576
37783
34624
24060
78935
107243
498220
455892
233711
21460
33809
23649
23958
15805
23053
28718
23379
27233
35644
102970
88322
81910
17354
33569
15960
15937
15966
26722
21320
80945
76060
71299
71798
135002
139133
18602
15627
16232
15709
21927
26420
18398
15655
24360
17912
17891
18033
175499
36706
27066
344857
326406
290686
196248
193808
192764
197130
286405
196045
182330
26486
88607
80080
80200
182985
298805
208400
214049
339563
203492
204314
197187
205210
184308
187862
228178
297811
290622
180868
177299
182444
281777
283889
293423
320455
218339
219397
225681
278181
271929
413384
364997
173482
186560
196021
198798
205286
206491
473336
503411
214921
169585
167437
175447
403680
483333
183835
415996
298675
252180
